# timestamp (sec),tracking,propagation,msckf update,slam update,slam delayed,re-tri & marg,total
1706797402.471406936645508,0.01562,0.00056,0.00277,0.00000,0.00001,0.00342,0.02237
1706797402.539828300476074,0.00542,0.00025,0.00271,0.00000,0.00789,0.00358,0.01985
1706797402.606760978698730,0.00624,0.00081,0.00298,0.00420,0.00000,0.00473,0.01896
1706797402.673580169677734,0.01906,0.00034,0.00060,0.00265,0.00000,0.00539,0.02805
1706797402.740128040313721,0.01132,0.00040,0.00132,0.00225,0.00000,0.00400,0.01928
1706797402.806955575942993,0.00690,0.00054,0.00050,0.00578,0.00000,0.00842,0.02215
1706797402.873289585113525,0.00679,0.00028,0.00339,0.00180,0.00000,0.00955,0.02180
1706797402.939795494079590,0.00500,0.00034,0.00135,0.00190,0.00014,0.00645,0.01517
1706797403.006235599517822,0.00726,0.00026,0.00128,0.00139,0.01184,0.01275,0.03479
1706797403.072467803955078,0.01531,0.00072,0.00124,0.00560,0.01063,0.00639,0.03990
1706797403.139702796936035,0.00709,0.00019,0.00049,0.00212,0.00352,0.00205,0.01546
1706797403.206902027130127,0.00403,0.00034,0.00074,0.00534,0.01013,0.00257,0.02315
1706797403.273527145385742,0.00962,0.00043,0.00153,0.00779,0.01253,0.00666,0.03857
1706797403.340018272399902,0.00680,0.00042,0.00002,0.00604,0.01766,0.00472,0.03566
1706797403.406951189041138,0.01247,0.00118,0.03025,0.00871,0.00379,0.00579,0.06218
1706797403.474042654037476,0.00418,0.00028,0.01394,0.01081,0.00330,0.00238,0.03487
1706797403.541702985763550,0.00724,0.00041,0.00601,0.00735,0.00000,0.00396,0.02496
1706797403.609285354614258,0.00532,0.00039,0.00002,0.01272,0.00000,0.00309,0.02154
1706797403.676898002624512,0.00491,0.00032,0.00022,0.01668,0.00000,0.00469,0.02682
1706797403.744508028030396,0.00509,0.00065,0.01357,0.01337,0.00006,0.00462,0.03736
1706797403.812094688415527,0.00564,0.00041,0.00002,0.01118,0.00000,0.00411,0.02137
1706797403.878869295120239,0.00623,0.00039,0.00031,0.01365,0.00005,0.00215,0.02277
1706797403.945385456085205,0.00441,0.00036,0.00012,0.01035,0.00004,0.00222,0.01750
1706797404.013005495071411,0.00610,0.00096,0.00009,0.02035,0.00000,0.00702,0.03453
1706797404.080651044845581,0.00481,0.00055,0.00098,0.01632,0.00000,0.00686,0.02953
1706797404.148261070251465,0.00577,0.00025,0.00007,0.01508,0.00000,0.00382,0.02499
1706797404.215954780578613,0.00680,0.00083,0.00052,0.01472,0.00084,0.01026,0.03398
1706797404.283546447753906,0.00645,0.00026,0.00002,0.01070,0.00083,0.00528,0.02355
1706797404.351137876510620,0.00644,0.00051,0.00002,0.00523,0.00027,0.00295,0.01541
1706797404.418659210205078,0.00459,0.00084,0.00003,0.01303,0.00000,0.00830,0.02678
1706797404.485794782638550,0.01391,0.00100,0.00006,0.01547,0.00000,0.00526,0.03572
1706797404.552309513092041,0.00718,0.00049,0.00408,0.00788,0.00045,0.00564,0.02572
1706797404.618901968002319,0.00504,0.00020,0.00002,0.00890,0.00000,0.00488,0.01903
1706797404.685566186904907,0.00936,0.00057,0.00013,0.01511,0.00052,0.00572,0.03141
1706797404.752142667770386,0.00649,0.00044,0.00002,0.00763,0.00009,0.00556,0.02023
1706797404.818673849105835,0.00585,0.00032,0.00013,0.00700,0.00000,0.00747,0.02077
1706797404.885190725326538,0.00968,0.00149,0.00047,0.01876,0.00000,0.00254,0.03296
1706797404.951793193817139,0.00746,0.00021,0.00001,0.00440,0.00000,0.00193,0.01402
1706797405.018522500991821,0.00856,0.00097,0.00044,0.01530,0.00061,0.00702,0.03290
1706797405.085144042968750,0.00751,0.00023,0.00002,0.00600,0.00043,0.00842,0.02259
1706797405.151670455932617,0.00710,0.00048,0.00003,0.01262,0.00052,0.00239,0.02314
1706797405.218376398086548,0.00882,0.00041,0.00002,0.01502,0.00000,0.00311,0.02739
1706797405.285004854202271,0.00398,0.00046,0.00012,0.01172,0.00000,0.00670,0.02298
1706797405.351580858230591,0.00892,0.00053,0.00271,0.00853,0.00093,0.00562,0.02724
1706797405.418115854263306,0.00563,0.00021,0.00001,0.00516,0.00000,0.00410,0.01510
1706797405.484716415405273,0.00640,0.00036,0.00002,0.01483,0.00036,0.00301,0.02500
1706797405.551336288452148,0.00669,0.00042,0.00002,0.00955,0.00018,0.00545,0.02231
1706797405.617902278900146,0.00385,0.00037,0.00002,0.00873,0.00000,0.00669,0.01967
1706797405.684441089630127,0.01036,0.00091,0.00006,0.01735,0.00000,0.00573,0.03441
1706797405.750980377197266,0.00410,0.00030,0.00005,0.00460,0.00000,0.00195,0.01100
1706797405.817486047744751,0.00355,0.00068,0.00029,0.00856,0.00071,0.00467,0.01845
1706797405.884016513824463,0.00669,0.00076,0.00005,0.00975,0.00018,0.00220,0.01963
1706797405.950492382049561,0.00733,0.00080,0.00007,0.01195,0.00029,0.00464,0.02509
1706797406.017084360122681,0.00379,0.00021,0.00001,0.00450,0.00000,0.00459,0.01311
1706797406.083599805831909,0.00727,0.00025,0.00002,0.00982,0.00000,0.00528,0.02265
1706797406.150137424468994,0.00969,0.00105,0.00107,0.01497,0.00034,0.00193,0.02906
1706797406.216792106628418,0.00693,0.00030,0.00002,0.00538,0.00000,0.00331,0.01595
1706797406.283305168151855,0.00608,0.00033,0.00010,0.01090,0.00023,0.00214,0.01979
1706797406.349883079528809,0.00698,0.00026,0.00001,0.00654,0.00009,0.00577,0.01966
1706797406.416444540023804,0.00920,0.00028,0.00002,0.01284,0.00000,0.00565,0.02800
1706797406.483066797256470,0.00371,0.00034,0.00003,0.01469,0.00000,0.00447,0.02324
1706797406.549540996551514,0.00547,0.00134,0.00008,0.01214,0.00000,0.00393,0.02296
1706797406.616144418716431,0.00362,0.00020,0.00011,0.01107,0.00053,0.00380,0.01932
1706797406.682715415954590,0.00643,0.00030,0.00002,0.01274,0.00034,0.00625,0.02608
1706797406.749311923980713,0.00377,0.00040,0.00002,0.01127,0.00098,0.00884,0.02529
1706797406.815951347351074,0.00487,0.00031,0.00002,0.00389,0.00000,0.00188,0.01098
1706797406.882690429687500,0.00466,0.00025,0.00002,0.00441,0.00000,0.00175,0.01108
1706797406.949217081069946,0.00282,0.00020,0.00015,0.00387,0.00027,0.00264,0.00995
1706797407.015793561935425,0.00443,0.00036,0.00002,0.00494,0.00000,0.00355,0.01330
1706797407.082390069961548,0.01151,0.00092,0.00008,0.01541,0.00136,0.00751,0.03678
1706797407.149073600769043,0.01432,0.00071,0.00010,0.01811,0.00019,0.01007,0.04350
1706797407.215700149536133,0.01155,0.00073,0.00002,0.00695,0.00000,0.00511,0.02435
1706797407.282307863235474,0.00658,0.00081,0.00006,0.01734,0.00000,0.00587,0.03065
1706797407.348945379257202,0.00761,0.00056,0.00003,0.01035,0.00000,0.00235,0.02091
1706797407.415541648864746,0.00342,0.00021,0.00015,0.02027,0.00161,0.00973,0.03540
1706797407.482147216796875,0.00676,0.00128,0.00011,0.01802,0.00036,0.00399,0.03053
1706797407.548866033554077,0.00497,0.00022,0.00002,0.00497,0.00030,0.00257,0.01305
1706797407.615563869476318,0.00561,0.00024,0.00002,0.01047,0.00000,0.00493,0.02126
1706797407.682281970977783,0.00870,0.00042,0.00002,0.01378,0.00000,0.00277,0.02570
1706797407.748976707458496,0.00369,0.00024,0.00016,0.00448,0.00032,0.00354,0.01244
1706797407.815594196319580,0.00547,0.00027,0.00003,0.01023,0.00000,0.00452,0.02051
1706797407.882374763488770,0.00436,0.00041,0.00002,0.00723,0.00060,0.00325,0.01587
1706797407.948961257934570,0.00885,0.00084,0.00005,0.01271,0.00005,0.00241,0.02490
1706797408.015647411346436,0.00715,0.00113,0.00007,0.01505,0.00000,0.00358,0.02698
1706797408.082418441772461,0.01282,0.00043,0.00002,0.01040,0.00000,0.00705,0.03071
1706797408.149112224578857,0.00687,0.00037,0.00002,0.00871,0.00000,0.00498,0.02095
1706797408.215820550918579,0.00647,0.00069,0.00027,0.01558,0.00034,0.00886,0.03222
1706797408.282516956329346,0.00387,0.00052,0.00002,0.00687,0.00037,0.00488,0.01652
1706797408.349159240722656,0.00824,0.00050,0.00003,0.01287,0.00098,0.00486,0.02747
1706797408.415791034698486,0.01107,0.00107,0.00007,0.02112,0.00000,0.01205,0.04538
1706797408.482478618621826,0.00597,0.00022,0.00002,0.00421,0.00000,0.00218,0.01262
1706797408.549131870269775,0.00891,0.00139,0.00132,0.01407,0.00115,0.00804,0.03488
1706797408.615767717361450,0.00395,0.00063,0.00004,0.01136,0.00000,0.00238,0.01835
1706797408.682376146316528,0.01022,0.00073,0.00005,0.00975,0.00128,0.00670,0.02875
1706797408.749014616012573,0.00556,0.00024,0.00008,0.00397,0.00003,0.00218,0.01207
1706797408.815656661987305,0.00367,0.00033,0.00009,0.01194,0.00000,0.00538,0.02141
1706797408.882261753082275,0.00749,0.00020,0.00002,0.00464,0.00000,0.00433,0.01668
1706797408.948935985565186,0.00715,0.00024,0.00003,0.00468,0.00000,0.00174,0.01384
1706797409.015550613403320,0.00520,0.00042,0.00023,0.01330,0.00035,0.00807,0.02758
1706797409.082295179367065,0.00629,0.00050,0.00003,0.00634,0.00018,0.00190,0.01524
1706797409.148883581161499,0.01149,0.00129,0.00009,0.00806,0.00019,0.00617,0.02728
1706797409.215533018112183,0.00825,0.00036,0.00006,0.00628,0.00000,0.01087,0.02582
1706797409.281997919082642,0.00731,0.00107,0.00007,0.01128,0.00000,0.00420,0.02392
1706797409.348601102828979,0.00650,0.00057,0.00030,0.00919,0.00173,0.00694,0.02523
1706797409.415183305740356,0.00767,0.00044,0.00004,0.01484,0.00050,0.01082,0.03432
1706797409.481816530227661,0.00430,0.00020,0.00002,0.01039,0.00145,0.00644,0.02278
1706797409.548464298248291,0.00752,0.00051,0.00003,0.01301,0.00005,0.00308,0.02419
1706797409.615026712417603,0.00951,0.00042,0.00002,0.01610,0.00000,0.00459,0.03064
1706797409.681705713272095,0.00778,0.00113,0.00007,0.00690,0.00000,0.00292,0.01880
1706797409.748330354690552,0.00606,0.00086,0.00003,0.01260,0.00000,0.00573,0.02528
1706797409.814939498901367,0.00730,0.00037,0.00012,0.00994,0.00074,0.00500,0.02347
1706797409.881577491760254,0.00484,0.00029,0.00003,0.00395,0.00018,0.00191,0.01119
1706797409.948091030120850,0.00636,0.00072,0.00005,0.01066,0.00018,0.00235,0.02032
1706797410.014712572097778,0.00541,0.00023,0.00001,0.01159,0.00000,0.00674,0.02399
1706797410.081330299377441,0.00576,0.00050,0.00001,0.00547,0.00000,0.00295,0.01470
1706797410.148006439208984,0.00708,0.00027,0.00016,0.00403,0.00027,0.00174,0.01354
1706797410.214624643325806,0.00734,0.00032,0.00003,0.01294,0.00034,0.00203,0.02301
1706797410.281081914901733,0.00585,0.00036,0.00002,0.00786,0.00024,0.00440,0.01874
1706797410.347866296768188,0.01120,0.00119,0.00007,0.01056,0.00004,0.00189,0.02497
1706797410.414550304412842,0.00925,0.00052,0.00003,0.01889,0.00000,0.00540,0.03409
1706797410.481241703033447,0.01095,0.00101,0.00008,0.01555,0.00000,0.00788,0.03547
1706797410.547857761383057,0.00583,0.00063,0.00002,0.01629,0.00000,0.00631,0.02907
1706797410.614497900009155,0.00736,0.00023,0.00007,0.00688,0.00036,0.00532,0.02022
1706797410.681130170822144,0.00529,0.00022,0.00002,0.01171,0.00079,0.00577,0.02380
1706797410.747789144515991,0.00480,0.00038,0.00002,0.00723,0.00040,0.00332,0.01615
1706797410.814413785934448,0.00468,0.00059,0.00003,0.00751,0.00000,0.00367,0.01649
1706797410.880999565124512,0.00388,0.00031,0.00007,0.00559,0.00000,0.00334,0.01320
1706797410.947625637054443,0.00779,0.00048,0.00026,0.01253,0.00160,0.00248,0.02514
1706797411.014193058013916,0.00824,0.00023,0.00002,0.00473,0.00017,0.00494,0.01832
1706797411.080851078033447,0.01127,0.00062,0.00003,0.01525,0.00048,0.00387,0.03153
1706797411.147849559783936,0.00682,0.00021,0.00001,0.00407,0.00004,0.00192,0.01307
1706797411.214454650878906,0.00730,0.00023,0.00006,0.01248,0.00000,0.00238,0.02246
1706797411.281089544296265,0.01580,0.00042,0.00038,0.00797,0.00000,0.00930,0.03388
1706797411.347705602645874,0.00877,0.00037,0.00010,0.00312,0.00000,0.00189,0.01425
1706797411.414288759231567,0.00909,0.00042,0.00058,0.00979,0.01092,0.00432,0.03514
1706797411.480926752090454,0.00630,0.00064,0.00418,0.00805,0.00725,0.00223,0.02864
1706797411.547554016113281,0.00540,0.00075,0.00151,0.00657,0.00238,0.00439,0.02101
1706797411.614212512969971,0.00601,0.00038,0.00060,0.01419,0.00020,0.00900,0.03040
1706797411.680873870849609,0.01201,0.00020,0.00034,0.00418,0.00005,0.00986,0.02664
1706797411.747595787048340,0.01121,0.00065,0.00040,0.00348,0.00551,0.00312,0.02437
1706797411.814266920089722,0.00401,0.00032,0.00019,0.00306,0.00107,0.00219,0.01084
1706797411.881012439727783,0.00584,0.00023,0.00010,0.00280,0.00249,0.00290,0.01436
1706797411.947669506072998,0.00787,0.00086,0.00092,0.00355,0.00110,0.00900,0.02330
1706797412.014346361160278,0.00829,0.00059,0.00109,0.00581,0.00797,0.00291,0.02666
1706797412.080984592437744,0.00423,0.00038,0.00323,0.01057,0.00719,0.00427,0.02987
1706797412.147627830505371,0.00455,0.00077,0.00013,0.01346,0.00000,0.00753,0.02644
1706797412.214246511459351,0.01249,0.00034,0.01730,0.00888,0.01456,0.00739,0.06097
1706797412.280866384506226,0.00705,0.00111,0.00175,0.01857,0.01103,0.00434,0.04385
1706797412.347486257553101,0.00489,0.00050,0.00019,0.00732,0.00003,0.00395,0.01687
1706797412.414122581481934,0.00769,0.00046,0.02071,0.01761,0.00652,0.00533,0.05832
1706797412.480693578720093,0.00458,0.00049,0.00004,0.00851,0.00185,0.00218,0.01765
1706797412.547310829162598,0.00505,0.00043,0.00239,0.01730,0.00007,0.01013,0.03537
1706797412.613929510116577,0.00439,0.00050,0.00339,0.01346,0.00166,0.00604,0.02943
1706797412.680531978607178,0.00609,0.00042,0.01004,0.01534,0.00000,0.00580,0.03769
1706797412.747115373611450,0.00840,0.00108,0.01008,0.02877,0.00005,0.00193,0.05031
1706797412.813713788986206,0.00532,0.00040,0.00089,0.00769,0.00270,0.00395,0.02095
1706797412.880304336547852,0.00998,0.00059,0.00014,0.01436,0.00003,0.00191,0.02701
1706797412.946897268295288,0.00843,0.00046,0.01589,0.01646,0.00509,0.00339,0.04972
1706797413.013500452041626,0.00671,0.00027,0.00411,0.00748,0.00068,0.00613,0.02538
1706797413.080116033554077,0.01050,0.00085,0.00019,0.02035,0.00050,0.00353,0.03591
1706797413.146703243255615,0.00323,0.00022,0.00013,0.00492,0.00129,0.00238,0.01217
1706797413.213305473327637,0.00695,0.00056,0.01699,0.01599,0.00615,0.00333,0.04999
1706797413.279919147491455,0.00381,0.00031,0.00017,0.00587,0.00006,0.00225,0.01248
1706797413.346513986587524,0.00578,0.00047,0.00274,0.00909,0.00053,0.00433,0.02294
1706797413.413102865219116,0.00494,0.00058,0.00086,0.01285,0.00161,0.00299,0.02383
1706797413.479693412780762,0.00772,0.00030,0.00044,0.01200,0.00236,0.00209,0.02491
1706797413.546317338943481,0.00585,0.00023,0.00640,0.01713,0.00529,0.00420,0.03910
1706797413.612962961196899,0.00798,0.00115,0.00053,0.01413,0.00000,0.01090,0.03468
1706797413.679756641387939,0.00429,0.00027,0.00065,0.00707,0.00611,0.00489,0.02327
1706797413.746723413467407,0.00575,0.00023,0.02091,0.01350,0.00364,0.00396,0.04800
1706797413.813399791717529,0.00478,0.00023,0.00353,0.01210,0.00000,0.00386,0.02450
1706797413.880147457122803,0.00622,0.00051,0.00069,0.00689,0.00025,0.00468,0.01924
1706797413.947036266326904,0.00936,0.00024,0.00262,0.00523,0.00158,0.00398,0.02301
1706797414.013897657394409,0.00787,0.00028,0.00434,0.01393,0.01049,0.00844,0.04534
1706797414.080569028854370,0.01460,0.00081,0.00058,0.00783,0.00001,0.00216,0.02600
1706797414.147242784500122,0.00511,0.00025,0.00292,0.00866,0.00361,0.00606,0.02661
1706797414.213876962661743,0.01549,0.00077,0.00022,0.02285,0.00262,0.00749,0.04944
1706797414.280484914779663,0.00804,0.00042,0.00120,0.01291,0.00271,0.00697,0.03225
1706797414.347073078155518,0.00668,0.00051,0.00015,0.01238,0.00516,0.00730,0.03219
1706797414.413684844970703,0.01209,0.00042,0.00021,0.01283,0.00005,0.00310,0.02871
1706797414.480338573455811,0.01234,0.00095,0.00490,0.01399,0.00187,0.00294,0.03698
1706797414.547068357467651,0.00744,0.00035,0.01071,0.00812,0.00973,0.00195,0.03831
1706797414.613782644271851,0.00414,0.00036,0.00072,0.01646,0.00050,0.00426,0.02643
1706797414.680446386337280,0.00709,0.00033,0.00031,0.00529,0.00075,0.00211,0.01587
1706797414.747142791748047,0.00721,0.00021,0.00024,0.00270,0.00123,0.00328,0.01487
1706797414.813883781433105,0.00374,0.00041,0.00002,0.00700,0.00491,0.00182,0.01791
1706797414.880551099777222,0.01037,0.00070,0.00027,0.00705,0.00086,0.00218,0.02142
1706797414.947274446487427,0.00776,0.00024,0.00081,0.00492,0.02593,0.00779,0.04746
1706797415.013979673385620,0.00512,0.00035,0.00035,0.01306,0.00010,0.01061,0.02959
1706797415.080692052841187,0.01045,0.00104,0.00008,0.01603,0.00732,0.00756,0.04249
1706797415.147401094436646,0.00513,0.00022,0.00006,0.00396,0.00023,0.00200,0.01160
1706797415.214112758636475,0.00576,0.00042,0.00184,0.00984,0.01780,0.00548,0.04115
1706797415.280816555023193,0.00777,0.00071,0.00471,0.01062,0.00306,0.00345,0.03031
1706797415.347548484802246,0.00652,0.00024,0.00222,0.00603,0.00005,0.00204,0.01710
1706797415.414268016815186,0.00515,0.00050,0.01622,0.01194,0.00444,0.00533,0.04358
1706797415.481161594390869,0.00872,0.00104,0.00355,0.01282,0.00769,0.00264,0.03646
1706797415.547843694686890,0.00491,0.00021,0.00899,0.00851,0.00505,0.00325,0.03091
1706797415.614526510238647,0.00372,0.00022,0.00449,0.00514,0.00849,0.00198,0.02404
1706797415.681172370910645,0.00345,0.00035,0.00045,0.01092,0.00025,0.00185,0.01728
1706797415.747858762741089,0.00722,0.00032,0.00033,0.01217,0.00000,0.00784,0.02788
1706797415.814515590667725,0.00349,0.00022,0.00007,0.00653,0.00000,0.00302,0.01335
1706797415.881137371063232,0.00731,0.00020,0.00060,0.01092,0.00000,0.00223,0.02127
1706797415.947772264480591,0.00703,0.00025,0.00196,0.00870,0.00014,0.00422,0.02230
1706797416.014405727386475,0.00621,0.00070,0.00152,0.01024,0.00000,0.00226,0.02093
1706797416.081050395965576,0.01090,0.00029,0.00013,0.01178,0.00178,0.00341,0.02828
1706797416.147676944732666,0.00924,0.00108,0.00467,0.00366,0.00005,0.00398,0.02269
1706797416.214342832565308,0.00796,0.00061,0.01638,0.00764,0.02980,0.00773,0.07011
1706797416.280989646911621,0.00702,0.00140,0.00177,0.01387,0.00149,0.00685,0.03240
1706797416.347605943679810,0.01404,0.00068,0.00323,0.00921,0.00001,0.00493,0.03211
1706797416.414236307144165,0.01317,0.00141,0.00084,0.01269,0.00724,0.00431,0.03967
1706797416.480860471725464,0.00423,0.00043,0.00117,0.00687,0.00554,0.00542,0.02365
1706797416.547500848770142,0.00505,0.00035,0.00041,0.01125,0.00011,0.00315,0.02031
1706797416.614177227020264,0.00409,0.00038,0.00010,0.01115,0.00000,0.00468,0.02040
1706797416.680818557739258,0.01144,0.00084,0.00484,0.01409,0.00184,0.00182,0.03486
1706797416.747486591339111,0.00430,0.00022,0.00117,0.00785,0.00346,0.00501,0.02201
1706797416.814143419265747,0.00575,0.00052,0.00014,0.00800,0.01889,0.00377,0.03707
1706797416.880865812301636,0.01325,0.00102,0.00165,0.01354,0.00022,0.00914,0.03881
1706797416.947510004043579,0.00835,0.00022,0.00035,0.00436,0.00002,0.00239,0.01569
1706797417.014163255691528,0.00737,0.00051,0.00406,0.01298,0.01729,0.00285,0.04506
1706797417.080906867980957,0.00809,0.00095,0.01188,0.01080,0.01477,0.00214,0.04863
1706797417.147542238235474,0.00487,0.00044,0.00117,0.01215,0.00016,0.00708,0.02588
1706797417.214237213134766,0.00409,0.00026,0.00026,0.00567,0.00227,0.00594,0.01849
1706797417.280881404876709,0.00858,0.00105,0.00283,0.01699,0.00000,0.01378,0.04324
1706797417.347533226013184,0.00582,0.00060,0.00339,0.00848,0.00237,0.00210,0.02276
1706797417.414173841476440,0.00545,0.00038,0.00179,0.00935,0.00000,0.00198,0.01896
1706797417.480823516845703,0.01118,0.00049,0.00101,0.01468,0.00000,0.00586,0.03321
1706797417.547474145889282,0.00612,0.00035,0.00247,0.01155,0.01795,0.00757,0.04600
1706797417.614109754562378,0.01612,0.00032,0.00099,0.00860,0.00025,0.00698,0.03325
1706797417.680763006210327,0.00551,0.00040,0.00418,0.00734,0.00023,0.00315,0.02080
1706797417.747381687164307,0.01209,0.00067,0.00046,0.01108,0.00006,0.00424,0.02860
1706797417.814038753509521,0.00506,0.00048,0.00054,0.01290,0.02057,0.00444,0.04398
1706797417.880772590637207,0.00751,0.00071,0.00215,0.00808,0.00673,0.00381,0.02898
1706797417.947406291961670,0.00392,0.00024,0.00074,0.00895,0.00160,0.00605,0.02149
1706797418.014032125473022,0.01007,0.00034,0.00155,0.01671,0.00154,0.00517,0.03539
1706797418.080682277679443,0.00443,0.00046,0.00694,0.01300,0.00694,0.00361,0.03539
1706797418.147319555282593,0.00509,0.00043,0.00045,0.01032,0.00000,0.00865,0.02494
1706797418.213961601257324,0.00883,0.00045,0.00331,0.01826,0.00286,0.00587,0.03958
1706797418.280586004257202,0.00371,0.00041,0.00022,0.01321,0.00096,0.00213,0.02063
1706797418.347207307815552,0.00667,0.00045,0.00553,0.00875,0.00411,0.00374,0.02925
1706797418.413831233978271,0.00957,0.00073,0.01026,0.01857,0.00000,0.00658,0.04571
1706797418.480460643768311,0.00651,0.00036,0.00491,0.00966,0.00276,0.01248,0.03668
1706797418.547097682952881,0.00923,0.00048,0.00089,0.01404,0.00000,0.00211,0.02674
1706797418.613762617111206,0.00872,0.00084,0.00341,0.01136,0.00000,0.00340,0.02773
1706797418.680413246154785,0.01047,0.00088,0.00449,0.01426,0.00057,0.00434,0.03501
1706797418.747063159942627,0.00590,0.00039,0.00047,0.01331,0.02069,0.00428,0.04504
1706797418.813712120056152,0.00497,0.00038,0.00025,0.00934,0.00008,0.00382,0.01884
1706797418.880339384078979,0.00401,0.00028,0.00103,0.00845,0.00199,0.00661,0.02237
1706797418.946968793869019,0.00743,0.00106,0.00201,0.01514,0.01543,0.00459,0.04567
1706797419.013601303100586,0.01060,0.00091,0.00116,0.00467,0.00000,0.00321,0.02055
1706797419.080221652984619,0.00721,0.00040,0.00079,0.01377,0.00000,0.00370,0.02587
1706797419.146838426589966,0.00434,0.00034,0.00283,0.01221,0.00121,0.01113,0.03208
1706797419.213485479354858,0.01673,0.00050,0.00130,0.01617,0.01525,0.00462,0.05457
1706797419.280125379562378,0.00250,0.00028,0.00081,0.00563,0.00126,0.00327,0.01375
1706797419.346742153167725,0.00837,0.00039,0.00013,0.01584,0.00000,0.00531,0.03004
1706797419.413386106491089,0.00910,0.00117,0.01007,0.01655,0.00271,0.00356,0.04316
1706797419.480131149291992,0.00743,0.00041,0.00775,0.00978,0.00000,0.00433,0.02970
1706797419.547215461730957,0.00626,0.00040,0.00048,0.01280,0.00031,0.00553,0.02579
1706797419.614318847656250,0.00613,0.00025,0.00240,0.01865,0.00015,0.00592,0.03350
1706797419.681445121765137,0.01383,0.00038,0.00050,0.00997,0.00486,0.00696,0.03650
1706797419.748623132705688,0.00761,0.00022,0.00070,0.00805,0.00749,0.00428,0.02835
1706797419.815793514251709,0.00360,0.00028,0.00395,0.00699,0.00000,0.00339,0.01821
1706797419.883130311965942,0.01462,0.00109,0.00126,0.00608,0.00001,0.00175,0.02480
1706797419.950329065322876,0.00997,0.00114,0.01640,0.02168,0.00405,0.00283,0.05607
1706797420.017502307891846,0.00466,0.00032,0.00417,0.01443,0.00007,0.00338,0.02702
1706797420.084663152694702,0.00743,0.00039,0.00049,0.01117,0.00009,0.00557,0.02514
1706797420.151879787445068,0.00599,0.00065,0.00860,0.00662,0.01463,0.00337,0.03987
1706797420.219083547592163,0.00842,0.00075,0.00124,0.01388,0.00408,0.00302,0.03139
1706797420.286292076110840,0.00729,0.00034,0.00045,0.01310,0.00447,0.00439,0.03004
1706797420.353499889373779,0.00812,0.00037,0.00045,0.00694,0.00008,0.00574,0.02170
1706797420.420717954635620,0.00442,0.00061,0.00051,0.01758,0.00000,0.00221,0.02535
1706797420.487882137298584,0.01105,0.00059,0.00060,0.00902,0.00573,0.00215,0.02915
1706797420.554592370986938,0.00642,0.00031,0.00025,0.00653,0.00000,0.00316,0.01668
1706797420.621296644210815,0.01389,0.00072,0.00059,0.00655,0.01582,0.00262,0.04020
1706797420.688014745712280,0.00609,0.00065,0.00086,0.01094,0.00006,0.00497,0.02357
1706797420.754719972610474,0.00823,0.00072,0.00055,0.00976,0.00578,0.00430,0.02934
1706797420.821427822113037,0.00977,0.00037,0.00459,0.01394,0.01138,0.00351,0.04356
1706797420.888137340545654,0.00763,0.00069,0.00050,0.00952,0.00016,0.01049,0.02900
1706797420.954842090606689,0.00709,0.00027,0.00089,0.01031,0.00118,0.00241,0.02215
1706797421.021549224853516,0.00499,0.00025,0.00189,0.01488,0.00001,0.00287,0.02490
1706797421.088261842727661,0.01169,0.00063,0.00029,0.01426,0.01274,0.00323,0.04283
1706797421.154974937438965,0.00921,0.00033,0.00152,0.00524,0.00021,0.00179,0.01830
1706797421.221676111221313,0.00689,0.00070,0.00061,0.00838,0.00005,0.00189,0.01853
1706797421.288388729095459,0.00446,0.00025,0.00010,0.00677,0.00316,0.00251,0.01725
1706797421.355095863342285,0.00807,0.00043,0.01005,0.00993,0.01595,0.00598,0.05041
1706797421.421799898147583,0.00645,0.00026,0.00041,0.00895,0.00000,0.00256,0.01863
1706797421.488511562347412,0.00831,0.00039,0.00030,0.00624,0.00000,0.00194,0.01718
1706797421.555223226547241,0.00582,0.00040,0.00026,0.01270,0.00546,0.00323,0.02787
1706797421.621929407119751,0.00568,0.00030,0.00885,0.01653,0.01482,0.00177,0.04795
1706797421.688639640808105,0.00605,0.00026,0.00012,0.01782,0.00116,0.00490,0.03032
1706797421.755343198776245,0.01232,0.00112,0.00009,0.02057,0.00000,0.00390,0.03800
1706797421.822047948837280,0.00439,0.00042,0.00039,0.00658,0.00001,0.00280,0.01458
1706797421.888746261596680,0.00483,0.00052,0.00046,0.00563,0.00825,0.00254,0.02221
1706797421.955446481704712,0.01351,0.00043,0.00009,0.00854,0.00000,0.00249,0.02507
1706797422.022144556045532,0.00643,0.00022,0.00007,0.01340,0.00205,0.00196,0.02413
1706797422.088841199874878,0.00997,0.00024,0.01565,0.01366,0.00181,0.00315,0.04448
1706797422.155546188354492,0.00346,0.00030,0.00021,0.00830,0.00000,0.00531,0.01760
1706797422.222240686416626,0.00813,0.00044,0.00050,0.02181,0.00000,0.00359,0.03447
1706797422.288937568664551,0.00747,0.00040,0.00136,0.00592,0.00000,0.00191,0.01706
1706797422.355628967285156,0.00558,0.00037,0.00013,0.01199,0.00129,0.00309,0.02245
1706797422.422324419021606,0.00857,0.00028,0.00031,0.02184,0.00103,0.01170,0.04372
1706797422.489022493362427,0.00334,0.00047,0.00108,0.01165,0.00273,0.00731,0.02659
1706797422.555739164352417,0.00530,0.00063,0.00146,0.03269,0.00026,0.01523,0.05558
1706797422.622460842132568,0.00869,0.00118,0.00007,0.02852,0.00065,0.01226,0.05137
1706797422.689182281494141,0.00604,0.00038,0.00003,0.00982,0.00012,0.00245,0.01885
1706797422.755908727645874,0.00328,0.00022,0.00002,0.00713,0.00000,0.00471,0.01536
1706797422.822641372680664,0.00348,0.00036,0.00002,0.00984,0.00012,0.00324,0.01707
1706797422.889365911483765,0.00429,0.00041,0.00062,0.01482,0.00013,0.00612,0.02639
1706797422.956093311309814,0.00695,0.00041,0.00037,0.00723,0.00010,0.00306,0.01813
1706797423.022819042205811,0.00793,0.00106,0.00008,0.02382,0.00000,0.00686,0.03976
1706797423.089548110961914,0.00771,0.00121,0.00006,0.02312,0.00000,0.00899,0.04110
1706797423.156271219253540,0.00436,0.00039,0.00002,0.01043,0.00006,0.00204,0.01729
1706797423.222995281219482,0.01255,0.00119,0.00113,0.01844,0.00023,0.00407,0.03760
1706797423.289716243743896,0.00692,0.00045,0.00003,0.01883,0.00024,0.00537,0.03184
1706797423.356438398361206,0.00739,0.00045,0.00041,0.01169,0.00045,0.00527,0.02564
1706797423.423158168792725,0.00612,0.00072,0.00008,0.01771,0.00011,0.00224,0.02698
1706797423.490676641464233,0.00438,0.00038,0.00002,0.01292,0.00008,0.00266,0.02044
1706797423.557515859603882,0.00500,0.00029,0.00002,0.01221,0.00000,0.00462,0.02215
1706797423.624356746673584,0.00656,0.00067,0.00006,0.01669,0.00008,0.00519,0.02925
1706797423.691196680068970,0.00826,0.00039,0.00056,0.01567,0.00022,0.00758,0.03267
1706797423.758036136627197,0.00820,0.00049,0.00051,0.01267,0.00019,0.00332,0.02539
1706797423.824879646301270,0.00340,0.00043,0.00002,0.01224,0.00000,0.00381,0.01990
1706797423.891726732254028,0.00820,0.00098,0.00007,0.02207,0.00000,0.00725,0.03857
1706797423.958574533462524,0.00494,0.00068,0.00018,0.00823,0.00023,0.00225,0.01652
1706797424.025356054306030,0.01064,0.00061,0.00036,0.01435,0.00037,0.00470,0.03105
1706797424.092072010040283,0.01011,0.00091,0.00006,0.00792,0.00007,0.00190,0.02096
1706797424.158779859542847,0.00654,0.00035,0.00032,0.02015,0.00033,0.00924,0.03694
1706797424.225493907928467,0.00531,0.00091,0.00007,0.01607,0.00005,0.00252,0.02493
1706797424.292224645614624,0.00705,0.00028,0.00002,0.00661,0.00008,0.00223,0.01628
1706797424.358949422836304,0.00685,0.00040,0.00006,0.02129,0.00000,0.00839,0.03699
1706797424.425677776336670,0.00537,0.00075,0.00015,0.01450,0.00009,0.00673,0.02759
1706797424.492404460906982,0.00784,0.00105,0.00102,0.02000,0.00024,0.00419,0.03433
1706797424.559142112731934,0.00569,0.00023,0.00015,0.00620,0.00015,0.00380,0.01623
1706797424.625878810882568,0.00967,0.00120,0.00031,0.02428,0.00000,0.00714,0.04259
1706797424.692618608474731,0.00580,0.00025,0.00019,0.01489,0.00000,0.00445,0.02559
1706797424.759357213973999,0.00492,0.00040,0.00010,0.01166,0.00010,0.00521,0.02239
1706797424.826094150543213,0.00377,0.00026,0.00022,0.00749,0.00028,0.00271,0.01472
1706797424.892838716506958,0.00894,0.00040,0.00012,0.00639,0.00000,0.00615,0.02199
1706797424.959566831588745,0.00468,0.00046,0.00003,0.01601,0.00022,0.00394,0.02535
1706797425.026309728622437,0.00927,0.00152,0.00008,0.02143,0.00000,0.00329,0.03559
1706797425.093067169189453,0.00891,0.00048,0.00011,0.01811,0.00010,0.00228,0.02999
1706797425.159782648086548,0.00617,0.00045,0.00021,0.01016,0.00000,0.00922,0.02622
1706797425.226513862609863,0.00878,0.00046,0.00022,0.00972,0.00008,0.00381,0.02307
1706797425.293250083923340,0.00562,0.00022,0.00039,0.00433,0.00023,0.00410,0.01489
1706797425.359958171844482,0.00409,0.00032,0.00005,0.00464,0.00018,0.00813,0.01742
1706797425.426680326461792,0.01034,0.00051,0.00011,0.01488,0.00000,0.00442,0.03026
1706797425.493383169174194,0.00651,0.00080,0.00011,0.01198,0.00000,0.00506,0.02446
1706797425.560043334960938,0.00880,0.00070,0.00015,0.01563,0.00012,0.00651,0.03191
1706797425.626732826232910,0.00607,0.00074,0.00019,0.01359,0.00048,0.00281,0.02387
1706797425.693430185317993,0.01324,0.00038,0.00018,0.00364,0.00003,0.00178,0.01926
1706797425.760130405426025,0.01156,0.00104,0.00037,0.01399,0.00030,0.00817,0.03542
1706797425.826808214187622,0.00483,0.00023,0.00017,0.00370,0.00000,0.00336,0.01229
1706797425.893498420715332,0.00802,0.00021,0.00138,0.00919,0.00168,0.00307,0.02355
1706797425.960185527801514,0.01010,0.00076,0.00022,0.01206,0.00560,0.00796,0.03669
1706797426.026879787445068,0.00785,0.00025,0.00011,0.00416,0.00003,0.00323,0.01563
1706797426.093560934066772,0.01133,0.00094,0.00021,0.01199,0.01961,0.00403,0.04811
1706797426.160265922546387,0.00393,0.00046,0.00312,0.01130,0.00022,0.00393,0.02296
1706797426.226965427398682,0.00543,0.00085,0.00026,0.01692,0.00008,0.00245,0.02599
1706797426.293654680252075,0.00375,0.00037,0.00002,0.00748,0.00000,0.00223,0.01385
1706797426.360343217849731,0.00626,0.00066,0.00004,0.01831,0.00132,0.00239,0.02899
1706797426.427029132843018,0.00763,0.00060,0.00880,0.01129,0.00497,0.00522,0.03851
1706797426.493719100952148,0.00657,0.00039,0.00687,0.01095,0.00823,0.00507,0.03809
1706797426.560409307479858,0.00351,0.00040,0.00723,0.01416,0.00006,0.00225,0.02760
1706797426.627089500427246,0.01009,0.00094,0.00115,0.02034,0.00000,0.00704,0.03956
1706797426.693797349929810,0.00525,0.00035,0.00047,0.01037,0.00010,0.00481,0.02136
1706797426.760479211807251,0.00797,0.00096,0.00025,0.01777,0.00414,0.00522,0.03631
1706797426.827156066894531,0.00366,0.00035,0.00002,0.00885,0.00150,0.00301,0.01740
1706797426.893832445144653,0.00505,0.00069,0.00052,0.01350,0.00018,0.00599,0.02593
1706797426.960532188415527,0.00838,0.00052,0.00436,0.01378,0.00006,0.00208,0.02918
1706797427.027206897735596,0.01239,0.00095,0.00101,0.01910,0.00373,0.00535,0.04251
1706797427.093887329101562,0.00763,0.00037,0.00422,0.01502,0.00006,0.00476,0.03206
1706797427.160584926605225,0.00941,0.00024,0.00461,0.00946,0.00228,0.00210,0.02809
1706797427.227274894714355,0.01094,0.00081,0.01178,0.01938,0.00575,0.00754,0.05620
1706797427.293965101242065,0.00494,0.00032,0.00014,0.01063,0.00340,0.00303,0.02247
1706797427.360663414001465,0.00506,0.00080,0.00520,0.01833,0.00297,0.00809,0.04045
1706797427.427356958389282,0.00814,0.00028,0.00032,0.01930,0.00007,0.00789,0.03600
1706797427.494022369384766,0.00971,0.00103,0.00051,0.01433,0.00214,0.00232,0.03005
1706797427.560720682144165,0.00878,0.00024,0.00109,0.00465,0.00003,0.00231,0.01709
1706797427.627412796020508,0.01305,0.00097,0.00107,0.01627,0.00006,0.00244,0.03385
1706797427.694103240966797,0.00983,0.00047,0.00353,0.01055,0.00047,0.00432,0.02918
1706797427.760797739028931,0.00709,0.00041,0.00082,0.00626,0.00943,0.00363,0.02764
1706797427.827503919601440,0.01244,0.00098,0.00044,0.00872,0.00000,0.00493,0.02751
1706797427.894215345382690,0.01040,0.00050,0.00130,0.00603,0.00613,0.00567,0.03004
1706797427.960905075073242,0.00705,0.00048,0.00175,0.00812,0.00030,0.00543,0.02314
1706797428.027587890625000,0.01372,0.00100,0.00158,0.00967,0.02279,0.00833,0.05709
1706797428.094294786453247,0.00839,0.00025,0.00028,0.00865,0.00042,0.00455,0.02253
1706797428.160984754562378,0.01029,0.00057,0.00262,0.01250,0.00412,0.01260,0.04270
1706797428.227669954299927,0.01109,0.00059,0.00071,0.00574,0.00000,0.00270,0.02084
1706797428.294379472732544,0.00763,0.00030,0.00074,0.00298,0.00471,0.00242,0.01878
1706797428.361079216003418,0.01073,0.00026,0.00231,0.00726,0.00532,0.00268,0.02856
1706797428.427772760391235,0.01181,0.00033,0.00073,0.00499,0.00032,0.00430,0.02248
1706797428.494457721710205,0.01594,0.00091,0.00050,0.00533,0.00036,0.00309,0.02613
1706797428.561173677444458,0.01153,0.00025,0.00039,0.00375,0.00656,0.00408,0.02656
1706797428.627890825271606,0.00722,0.00023,0.00093,0.00192,0.00303,0.00249,0.01583
1706797428.694595575332642,0.01103,0.00032,0.00105,0.00226,0.00999,0.00350,0.02815
1706797428.761313199996948,0.00954,0.00040,0.00073,0.00633,0.00741,0.00749,0.03189
1706797428.828024625778198,0.00848,0.00044,0.00137,0.00621,0.00000,0.00306,0.01956
1706797428.894723415374756,0.01218,0.00071,0.00018,0.00916,0.00000,0.00387,0.02610
1706797428.961446762084961,0.01197,0.00044,0.00032,0.00594,0.00009,0.00650,0.02525
1706797429.028179645538330,0.01059,0.00082,0.00203,0.00551,0.01123,0.00508,0.03525
1706797429.094896793365479,0.00584,0.00039,0.00165,0.00425,0.00013,0.00477,0.01703
1706797429.161611795425415,0.01486,0.00073,0.00080,0.00480,0.01452,0.00461,0.04031
1706797429.228310346603394,0.01463,0.00086,0.00213,0.00661,0.02719,0.00461,0.05602
1706797429.295036315917969,0.00793,0.00098,0.00095,0.00935,0.00004,0.00429,0.02354
1706797429.361741781234741,0.00782,0.00057,0.00049,0.01288,0.01777,0.00519,0.04472
1706797429.428453922271729,0.00707,0.00046,0.00070,0.01304,0.00261,0.00254,0.02642
1706797429.495177268981934,0.00750,0.00026,0.00025,0.01012,0.00714,0.00243,0.02770
1706797429.561949968338013,0.00793,0.00027,0.00152,0.01747,0.00013,0.00934,0.03666
1706797429.628727912902832,0.01292,0.00035,0.00019,0.01379,0.00215,0.00229,0.03170
1706797429.695502519607544,0.00827,0.00082,0.00075,0.01463,0.00628,0.00614,0.03687
1706797429.762284040451050,0.00810,0.00073,0.00657,0.01548,0.00809,0.00261,0.04158
1706797429.829062461853027,0.00931,0.00043,0.00090,0.01242,0.01165,0.00479,0.03951
1706797429.895845890045166,0.00725,0.00031,0.00098,0.00742,0.00009,0.00290,0.01895
1706797429.962627887725830,0.00757,0.00145,0.00407,0.01276,0.00412,0.00352,0.03349
1706797430.029411554336548,0.01288,0.00067,0.00568,0.01333,0.00214,0.00496,0.03966
1706797430.096194982528687,0.01406,0.00045,0.00102,0.00845,0.00005,0.00320,0.02724
1706797430.162981748580933,0.01943,0.00081,0.00048,0.01224,0.00828,0.00528,0.04653
1706797430.229763031005859,0.00556,0.00029,0.00035,0.00613,0.00810,0.00582,0.02626
1706797430.296535253524780,0.00609,0.00044,0.00136,0.00722,0.00008,0.00465,0.01985
1706797430.363320589065552,0.01706,0.00025,0.00054,0.01069,0.00012,0.00745,0.03612
1706797430.430109024047852,0.00783,0.00082,0.00184,0.01422,0.00397,0.00381,0.03248
1706797430.496908426284790,0.01227,0.00040,0.00048,0.00925,0.00711,0.00873,0.03824
1706797430.563590288162231,0.00472,0.00025,0.00058,0.00640,0.01211,0.00638,0.03043
1706797430.630269765853882,0.01444,0.00093,0.00058,0.00790,0.00283,0.00462,0.03130
1706797430.696947097778320,0.00787,0.00068,0.00265,0.01319,0.00649,0.00854,0.03943
1706797430.763597249984741,0.01391,0.00049,0.00040,0.01203,0.01620,0.00549,0.04853
1706797430.830265522003174,0.00562,0.00059,0.00008,0.00772,0.00166,0.00230,0.01798
1706797430.896940708160400,0.00524,0.00093,0.01009,0.00975,0.00560,0.00363,0.03524
1706797430.963623046875000,0.00509,0.00065,0.00314,0.01311,0.00519,0.00714,0.03431
1706797431.030301332473755,0.00844,0.00118,0.00730,0.01787,0.00013,0.00527,0.04020
1706797431.096959590911865,0.00765,0.00070,0.01430,0.01411,0.00686,0.00581,0.04944
1706797431.163643598556519,0.01106,0.00097,0.00343,0.01536,0.00474,0.00674,0.04230
1706797431.230321884155273,0.00694,0.00080,0.00021,0.01832,0.00513,0.01030,0.04171
1706797431.296994209289551,0.01189,0.00054,0.00038,0.01029,0.00186,0.00549,0.03044
1706797431.363672494888306,0.00493,0.00053,0.00023,0.01797,0.01061,0.00498,0.03926
1706797431.430349588394165,0.00573,0.00046,0.00015,0.02036,0.00000,0.00793,0.03463
1706797431.497020483016968,0.00761,0.00032,0.00736,0.01105,0.00291,0.00307,0.03232
1706797431.563715219497681,0.00806,0.00057,0.00076,0.01661,0.00014,0.00611,0.03225
1706797431.630408287048340,0.00776,0.00053,0.00014,0.00793,0.00096,0.00488,0.02220
1706797431.697108030319214,0.01046,0.00051,0.01608,0.00796,0.00240,0.00275,0.04016
1706797431.763800621032715,0.01620,0.00050,0.00036,0.01998,0.00259,0.00423,0.04386
1706797431.830497264862061,0.00555,0.00049,0.00026,0.01322,0.00327,0.00327,0.02606
1706797431.897193431854248,0.00771,0.00055,0.02010,0.01587,0.00342,0.00300,0.05064
1706797431.963883876800537,0.00539,0.00052,0.00051,0.01636,0.00000,0.00656,0.02935
1706797432.030577182769775,0.00934,0.00120,0.00228,0.01897,0.00015,0.00603,0.03799
1706797432.097277641296387,0.00742,0.00054,0.00074,0.00777,0.00002,0.00285,0.01936
1706797432.163971662521362,0.01669,0.00051,0.00015,0.01202,0.00000,0.00953,0.03889
1706797432.230670213699341,0.00849,0.00036,0.00197,0.01535,0.00000,0.00379,0.02997
1706797432.297367334365845,0.01100,0.00101,0.00084,0.01167,0.00284,0.00352,0.03089
1706797432.364064455032349,0.01417,0.00072,0.00066,0.01303,0.00023,0.00826,0.03707
1706797432.430755853652954,0.00727,0.00026,0.00053,0.00426,0.00004,0.00245,0.01481
1706797432.497448444366455,0.00725,0.00045,0.01198,0.00747,0.01407,0.00370,0.04494
1706797432.564147710800171,0.00599,0.00058,0.00034,0.00582,0.00023,0.00741,0.02037
1706797432.630845308303833,0.00970,0.00048,0.00070,0.01457,0.00309,0.00437,0.03292
1706797432.697544097900391,0.00813,0.00071,0.00159,0.01335,0.00064,0.00406,0.02848
1706797432.764242410659790,0.00864,0.00043,0.00051,0.00534,0.00005,0.00287,0.01783
1706797432.830937147140503,0.00956,0.00042,0.00024,0.00624,0.00014,0.00425,0.02086
1706797432.897628545761108,0.00528,0.00030,0.00087,0.00366,0.00004,0.00502,0.01518
1706797432.964323520660400,0.00613,0.00050,0.00003,0.00809,0.00998,0.00329,0.02802
1706797433.031012058258057,0.00675,0.00063,0.00038,0.00953,0.00005,0.00264,0.01998
1706797433.097703218460083,0.01041,0.00047,0.00320,0.00609,0.02826,0.00277,0.05120
1706797433.164396047592163,0.00519,0.00048,0.00083,0.00631,0.00020,0.00541,0.01842
1706797433.231090307235718,0.00921,0.00103,0.00580,0.01517,0.00538,0.01046,0.04706
1706797433.297785282135010,0.00490,0.00047,0.00276,0.00503,0.00051,0.00247,0.01615
1706797433.364477396011353,0.01387,0.00162,0.00364,0.00676,0.00000,0.00778,0.03367
1706797433.431168079376221,0.00716,0.00049,0.00073,0.00799,0.00000,0.00248,0.01886
1706797433.497858285903931,0.00434,0.00026,0.00066,0.00490,0.01716,0.01366,0.04098
1706797433.564563512802124,0.01149,0.00024,0.00077,0.00463,0.00002,0.00353,0.02068
1706797433.631257534027100,0.01391,0.00094,0.00095,0.00863,0.00387,0.00680,0.03511
1706797433.697956562042236,0.00591,0.00023,0.00034,0.00342,0.00000,0.00271,0.01260
1706797433.764651060104370,0.01229,0.00051,0.00014,0.00393,0.00017,0.00345,0.02049
1706797433.831333875656128,0.00664,0.00052,0.00030,0.00757,0.00596,0.00338,0.02438
1706797433.898032188415527,0.00801,0.00067,0.00039,0.00749,0.00302,0.00512,0.02470
1706797433.964732885360718,0.01213,0.00089,0.00005,0.00593,0.00010,0.00696,0.02607
1706797434.031435012817383,0.00810,0.00042,0.00025,0.01465,0.00000,0.00488,0.02831
1706797434.098123073577881,0.00868,0.00047,0.00028,0.00835,0.02582,0.00470,0.04830
1706797434.164813995361328,0.01131,0.00086,0.00306,0.01206,0.00000,0.00634,0.03363
1706797434.231504917144775,0.00903,0.00069,0.00468,0.00468,0.00000,0.00270,0.02179
1706797434.298197984695435,0.01267,0.00040,0.00263,0.00424,0.00315,0.00305,0.02613
1706797434.364888191223145,0.01396,0.00070,0.00020,0.00960,0.01378,0.00364,0.04189
1706797434.431582450866699,0.01018,0.00077,0.00067,0.00565,0.00226,0.00352,0.02306
1706797434.498270988464355,0.00986,0.00083,0.00046,0.00954,0.00000,0.00440,0.02510
1706797434.564964532852173,0.00415,0.00027,0.00012,0.00344,0.00014,0.00341,0.01154
1706797434.631650209426880,0.00542,0.00026,0.00026,0.00411,0.00013,0.00337,0.01356
1706797434.698327779769897,0.00725,0.00025,0.00094,0.00358,0.00370,0.00304,0.01876
1706797434.765021800994873,0.00682,0.00077,0.00250,0.00661,0.00000,0.00785,0.02455
1706797434.831704854965210,0.00528,0.00044,0.00404,0.00577,0.01389,0.00398,0.03340
1706797434.898385047912598,0.00697,0.00024,0.00011,0.00517,0.00596,0.01334,0.03179
1706797434.965056896209717,0.00443,0.00039,0.00051,0.00519,0.00001,0.00249,0.01302
1706797435.031723737716675,0.01002,0.00056,0.00117,0.00718,0.01515,0.00547,0.03955
1706797435.098411083221436,0.00846,0.00025,0.00019,0.00481,0.00306,0.00263,0.01939
1706797435.165091753005981,0.01042,0.00073,0.00077,0.01826,0.00018,0.00468,0.03505
1706797435.231765747070312,0.00713,0.00089,0.00050,0.00955,0.02135,0.00331,0.04273
1706797435.298447370529175,0.00596,0.00025,0.00009,0.00665,0.00000,0.00370,0.01667
1706797435.365123748779297,0.00953,0.00134,0.00047,0.01483,0.01961,0.00930,0.05507
1706797435.431811809539795,0.00489,0.00045,0.00394,0.01380,0.00016,0.00458,0.02781
1706797435.498497724533081,0.00623,0.00028,0.00737,0.01089,0.00985,0.00267,0.03729
